sample_id	G_RLX001_SU_T1-R1	G_RLX001_SU_T1-R10	G_RLX001_SU_T1-R2	G_RLX001_SU_T1-R3	G_RLX001_SU_T1-R5	G_RLX001_SU_T1-R6	G_RLX001_SU_T1-R8	diploid
G_RLX001_SU_T1-R1	0.0	85.0	85.0	73.0	85.0	85.0	140.0	64.0
G_RLX001_SU_T1-R10	85.0	0.0	86.0	63.0	41.0	45.0	114.0	48.0
G_RLX001_SU_T1-R2	85.0	86.0	0.0	81.0	83.0	84.0	145.0	67.0
G_RLX001_SU_T1-R3	73.0	63.0	81.0	0.0	55.0	52.0	120.0	33.0
G_RLX001_SU_T1-R5	85.0	41.0	83.0	55.0	0.0	28.0	121.0	36.0
G_RLX001_SU_T1-R6	85.0	45.0	84.0	52.0	28.0	0.0	116.0	37.0
G_RLX001_SU_T1-R8	140.0	114.0	145.0	120.0	121.0	116.0	0.0	108.0
diploid	64.0	48.0	67.0	33.0	36.0	37.0	108.0	0.0
