sample_id	G_RLX001_SU_T1-R1	G_RLX001_SU_T1-R10	G_RLX001_SU_T1-R2	G_RLX001_SU_T1-R3	G_RLX001_SU_T1-R5	G_RLX001_SU_T1-R6	G_RLX001_SU_T1-R8	diploid
G_RLX001_SU_T1-R1	0.0	50.0	48.0	39.0	42.0	42.0	70.0	38.0
G_RLX001_SU_T1-R10	50.0	0.0	46.0	37.0	18.0	21.0	57.0	27.0
G_RLX001_SU_T1-R2	48.0	46.0	0.0	45.0	40.0	40.0	73.0	40.0
G_RLX001_SU_T1-R3	39.0	37.0	45.0	0.0	25.0	25.0	63.0	16.0
G_RLX001_SU_T1-R5	42.0	18.0	40.0	25.0	0.0	10.0	56.0	15.0
G_RLX001_SU_T1-R6	42.0	21.0	40.0	25.0	10.0	0.0	56.0	15.0
G_RLX001_SU_T1-R8	70.0	57.0	73.0	63.0	56.0	56.0	0.0	51.0
diploid	38.0	27.0	40.0	16.0	15.0	15.0	51.0	0.0
