sample_id	G_RLX001_SU_T1-R1	G_RLX001_SU_T1-R10	G_RLX001_SU_T1-R2	G_RLX001_SU_T1-R3	G_RLX001_SU_T1-R5	G_RLX001_SU_T1-R6	G_RLX001_SU_T1-R8	diploid
G_RLX001_SU_T1-R1	0.0	35.0	37.0	34.0	43.0	43.0	70.0	26.0
G_RLX001_SU_T1-R10	35.0	0.0	40.0	26.0	23.0	24.0	57.0	21.0
G_RLX001_SU_T1-R2	37.0	40.0	0.0	36.0	43.0	44.0	72.0	27.0
G_RLX001_SU_T1-R3	34.0	26.0	36.0	0.0	30.0	27.0	57.0	17.0
G_RLX001_SU_T1-R5	43.0	23.0	43.0	30.0	0.0	18.0	65.0	21.0
G_RLX001_SU_T1-R6	43.0	24.0	44.0	27.0	18.0	0.0	60.0	22.0
G_RLX001_SU_T1-R8	70.0	57.0	72.0	57.0	65.0	60.0	0.0	57.0
diploid	26.0	21.0	27.0	17.0	21.0	22.0	57.0	0.0
