sample_id	LAdrenalMet	Primary	RIngLNMet	RRib7Met	RSubduralMet	diploid
LAdrenalMet	0.0	90.0	32.0	31.0	38.0	76.0
Primary	90.0	0.0	69.0	72.0	75.0	35.0
RIngLNMet	32.0	69.0	0.0	3.0	10.0	58.0
RRib7Met	31.0	72.0	3.0	0.0	12.0	61.0
RSubduralMet	38.0	75.0	10.0	12.0	0.0	64.0
diploid	76.0	35.0	58.0	61.0	64.0	0.0
