	diploid	sample_1	sample_2	sample_3	sample_4	sample_5
diploid	0.0	105.0	112.0	107.0	106.0	106.0
sample_1	105.0	0.0	191.0	203.0	170.0	193.0
sample_2	112.0	191.0	0.0	204.0	195.0	210.0
sample_3	107.0	203.0	204.0	0.0	197.0	180.0
sample_4	106.0	170.0	195.0	197.0	0.0	191.0
sample_5	106.0	193.0	210.0	180.0	191.0	0.0
